# board_size=356,192
4,185
5,185
5,187
6,168
6,177
6,185
6,186
7,167
7,177
7,179
8,167
8,168
8,169
8,177
8,178
9,37
10,38
11,36
11,37
11,38
14,148
15,147
16,147
16,148
16,149
17,33
18,34
19,32
19,33
19,34
19,149
20,148
21,24
21,148
21,149
21,150
22,22
22,24
22,44
23,23
23,24
23,32
23,45
24,30
24,32
24,43
24,44
24,45
25,31
25,32
27,135
28,134
29,134
29,135
29,136
30,34
31,35
31,143
32,33
32,34
32,35
32,142
33,142
33,143
33,144
34,38
35,39
36,37
36,38
36,39
36,144
37,143
38,143
38,144
38,145
39,49
40,50
41,48
41,49
41,50
44,130
44,169
45,129
45,169
45,171
46,129
46,130
46,131
46,152
46,161
46,169
46,170
47,39
47,151
47,161
47,163
48,40
48,151
48,152
48,153
48,161
48,162
49,38
49,39
49,40
49,53
50,54
51,52
51,53
51,54
54,132
55,131
56,131
56,132
56,133
57,49
58,50
59,48
59,49
59,50
59,133
60,132
61,132
61,133
61,134
62,60
63,42
63,61
64,40
64,42
64,59
64,60
64,61
65,41
65,42
67,113
67,125
68,112
68,124
69,112
69,113
69,114
69,124
69,125
69,126
70,44
70,56
71,45
71,57
72,43
72,44
72,45
72,55
72,56
72,57
72,126
72,153
73,125
73,153
73,155
74,125
74,126
74,127
74,145
74,153
74,154
75,55
75,145
75,147
76,56
76,137
76,145
76,146
77,54
77,55
77,56
77,127
77,137
77,139
78,126
78,137
78,138
79,126
79,127
79,128
80,66
81,67
82,65
82,66
82,67
85,125
86,124
87,124
87,125
87,126
88,68
89,69
90,67
90,68
90,69
93,123
94,55
94,122
95,53
95,55
95,122
95,123
95,124
96,54
96,55
96,70
97,71
98,69
98,70
98,71
101,121
102,120
103,120
103,121
103,122
104,72
105,60
105,73
105,129
106,58
106,60
106,71
106,72
106,73
106,128
107,59
107,60
107,128
107,129
107,130
108,76
109,77
110,75
110,76
110,77
113,109
114,108
115,108
115,109
115,110
116,65
116,72
117,63
117,65
117,73
118,64
118,65
118,71
118,72
118,73
118,110
119,109
120,109
120,110
120,111
121,83
122,84
123,82
123,83
123,84
124,122
125,121
126,90
126,102
126,121
126,122
126,123
127,89
127,101
127,107
128,28
128,29
128,89
128,90
128,91
128,101
128,102
128,103
128,108
129,27
129,29
129,67
129,79
129,106
129,107
129,108
130,20
130,21
130,29
130,68
130,80
131,19
131,21
131,66
131,67
131,68
131,78
131,79
131,80
131,103
132,21
132,102
132,111
133,102
133,103
133,104
133,111
133,113
134,78
134,111
134,112
135,79
135,108
135,109
135,126
136,38
136,39
136,77
136,78
136,79
136,104
136,108
136,110
136,126
136,128
137,37
137,39
137,103
137,108
137,118
137,126
137,127
138,39
138,103
138,104
138,105
138,118
138,120
139,89
139,110
139,118
139,119
140,90
140,110
140,112
141,51
141,52
141,88
141,89
141,90
141,110
141,111
141,174
141,175
142,50
142,52
142,56
142,57
142,73
142,174
142,176
143,52
143,55
143,57
143,61
143,62
143,71
143,73
143,134
143,135
143,174
143,182
143,183
144,57
144,60
144,62
144,72
144,73
144,102
144,134
144,136
144,182
144,184
145,62
145,101
145,134
145,142
145,143
145,182
146,82
146,101
146,102
146,103
146,142
146,144
147,81
147,91
147,142
147,150
147,151
148,81
148,82
148,83
148,92
148,150
148,152
149,75
149,90
149,91
149,92
149,150
149,158
149,159
150,76
150,158
150,160
151,74
151,75
151,76
151,158
151,166
151,167
152,100
152,107
152,108
152,166
152,168
153,69
153,70
153,99
153,107
153,109
153,166
154,68
154,70
154,80
154,99
154,100
154,101
154,107
154,115
154,116
155,70
155,79
155,93
155,115
155,117
156,79
156,80
156,81
156,94
156,105
156,115
156,123
156,124
157,77
157,92
157,93
157,94
157,105
157,107
157,123
157,125
158,78
158,105
158,106
158,123
159,76
159,77
159,78
159,102
159,103
160,98
160,102
160,104
161,97
161,102
162,97
162,98
162,99
162,111
163,95
163,111
163,113
164,77
164,96
164,111
164,112
165,75
165,77
165,94
165,95
165,96
165,108
165,109
166,76
166,77
166,108
166,110
167,73
167,74
167,108
168,72
168,74
168,81
168,117
169,74
169,79
169,81
169,117
169,119
170,80
170,81
170,89
170,117
170,118
171,87
171,89
171,114
171,115
172,88
172,89
172,114
172,116
173,85
173,86
173,114
174,84
174,86
175,77
175,78
175,86
176,76
176,78
177,78
182,77
183,75
183,77
184,76
184,77
185,73
185,74
186,72
186,74
187,74
188,121
189,72
189,121
189,123
190,70
190,72
190,76
190,77
190,78
190,113
190,121
190,122
191,71
191,72
191,78
191,113
191,115
192,77
192,105
192,113
192,114
193,79
193,80
193,81
193,105
193,107
194,79
194,89
194,105
194,106
195,80
195,87
195,89
195,102
195,103
196,88
196,89
196,94
196,95
196,96
196,102
196,104
197,85
197,86
197,96
197,102
197,110
197,111
198,84
198,86
198,95
198,110
198,112
199,79
199,80
199,81
199,86
199,97
199,98
199,99
199,110
199,118
199,119
200,81
200,97
200,118
200,120
201,80
201,98
201,118
202,68
202,69
202,88
202,89
202,90
203,67
203,69
203,75
203,76
203,77
203,88
204,69
204,77
204,89
205,76
206,80
206,81
206,82
207,80
208,81
211,73
211,74
211,75
212,75
213,74
214,82
214,83
214,84
215,82
216,83
220,76
220,77
220,78
220,112
220,113
220,114
221,78
221,114
222,77
222,113
223,70
223,79
223,80
223,81
223,115
223,116
223,117
223,122
224,68
224,70
224,79
224,115
224,122
224,124
225,69
225,70
225,80
225,116
225,122
225,123
227,86
228,74
228,75
228,76
228,84
228,86
228,105
228,110
228,111
228,112
229,76
229,85
229,86
229,105
229,107
229,112
230,75
230,105
230,106
230,111
231,81
231,82
231,83
231,102
231,103
231,117
231,118
231,119
232,81
232,94
232,95
232,96
232,102
232,104
232,117
233,82
233,96
233,102
233,118
234,95
235,97
235,98
235,99
236,82
236,83
236,97
236,119
236,120
237,81
237,83
237,98
237,101
237,102
237,103
237,119
237,121
238,76
238,77
238,78
238,83
238,103
238,119
239,78
239,102
240,66
240,67
240,77
240,114
240,115
240,116
241,65
241,67
241,91
241,92
241,93
241,114
242,67
242,72
242,73
242,74
242,91
242,115
243,74
243,92
244,73
245,83
245,84
245,85
245,105
245,106
245,107
246,83
246,107
247,84
247,106
247,146
248,122
248,123
248,124
248,146
248,148
249,122
249,138
249,146
249,147
250,70
250,71
250,72
250,123
250,138
250,140
251,72
251,130
251,138
251,139
252,71
252,117
252,130
252,132
253,85
253,86
253,87
253,103
253,104
253,105
253,117
253,119
253,130
253,131
254,53
254,85
254,105
254,117
254,118
255,51
255,53
255,86
255,104
255,114
255,115
256,52
256,53
256,61
256,76
256,77
256,78
256,94
256,95
256,96
256,114
256,116
256,124
256,125
256,126
257,59
257,61
257,78
257,96
257,114
257,124
258,60
258,61
258,77
258,95
258,104
258,105
258,106
258,125
259,79
259,80
259,81
259,97
259,98
259,99
259,106
260,79
260,97
260,105
261,80
261,83
261,84
261,85
261,98
261,111
261,112
261,113
262,85
262,111
263,84
263,112
264,96
264,97
264,98
265,96
266,97
269,87
269,88
269,89
270,89
271,67
271,68
271,69
271,88
272,69
272,116
272,117
272,118
273,68
273,116
274,100
274,101
274,102
274,117
275,100
276,101
279,65
279,66
279,67
280,67
281,66
282,102
282,103
282,104
283,102
284,103
287,69
287,70
287,71
288,71
289,70
290,110
290,111
290,112
291,110
292,111
295,73
295,74
295,75
296,75
297,74
298,118
298,119
298,120
299,118
300,119
303,57
303,58
303,71
303,72
303,73
304,56
304,58
304,73
304,127
304,128
305,49
305,50
305,58
305,72
305,127
305,129
306,48
306,50
306,120
306,121
306,122
306,127
306,135
306,136
307,50
307,120
307,135
307,137
308,60
308,61
308,62
308,121
308,135
308,143
308,144
309,62
309,143
309,145
310,61
310,143
311,119
311,120
311,121
312,119
313,120
